meanIOU: 0.7132267415041839
[0.9910496995562168, 0.812754697009791, 0.8443935332714612, 0.6449668474984931, 0.030927835051546393, 0.9166920731707318, 0.9185793995854559, 0.9565110510201801, 0.2250537304267731, 0.9140608430235239, 0.6740391274238227, 0.6296920610122106]
[[8.09976e+05 2.93500e+03 0.00000e+00 0.00000e+00 0.00000e+00 1.10000e+01
  0.00000e+00 0.00000e+00 0.00000e+00 1.60000e+01 0.00000e+00 0.00000e+00
  0.00000e+00 3.25700e+03 5.21000e+02 0.00000e+00 0.00000e+00 0.00000e+00
  0.00000e+00]
 [8.60000e+01 3.07140e+04 6.32000e+02 5.00000e+00 0.00000e+00 2.89000e+02
  0.00000e+00 0.00000e+00 4.00000e+00 9.22000e+02 0.00000e+00 0.00000e+00
  0.00000e+00 5.28000e+02 4.30000e+01 0.00000e+00 0.00000e+00 0.00000e+00
  3.35000e+02]
 [0.00000e+00 3.00000e+01 2.60210e+05 0.00000e+00 0.00000e+00 2.80700e+03
  0.00000e+00 1.26900e+03 1.98140e+04 0.00000e+00 3.33000e+02 3.30000e+01
  0.00000e+00 6.96000e+02 4.94000e+02 0.00000e+00 0.00000e+00 0.00000e+00
  2.48000e+02]
 [0.00000e+00 0.00000e+00 0.00000e+00 0.00000e+00 0.00000e+00 0.00000e+00
  0.00000e+00 0.00000e+00 0.00000e+00 0.00000e+00 0.00000e+00 0.00000e+00
  0.00000e+00 0.00000e+00 0.00000e+00 0.00000e+00 0.00000e+00 0.00000e+00
  0.00000e+00]
 [1.10000e+01 0.00000e+00 0.00000e+00 0.00000e+00 0.00000e+00 0.00000e+00
  0.00000e+00 0.00000e+00 0.00000e+00 0.00000e+00 0.00000e+00 0.00000e+00
  0.00000e+00 5.73000e+02 1.10000e+01 0.00000e+00 0.00000e+00 0.00000e+00
  0.00000e+00]
 [0.00000e+00 5.00000e+00 4.25400e+03 0.00000e+00 2.00000e+00 1.92600e+04
  0.00000e+00 7.04000e+02 9.23000e+02 8.00000e+01 0.00000e+00 0.00000e+00
  0.00000e+00 2.25000e+02 0.00000e+00 0.00000e+00 0.00000e+00 0.00000e+00
  0.00000e+00]
 [0.00000e+00 0.00000e+00 4.39000e+02 0.00000e+00 0.00000e+00 1.50000e+01
  1.50000e+01 1.60000e+01 0.00000e+00 0.00000e+00 0.00000e+00 0.00000e+00
  0.00000e+00 0.00000e+00 0.00000e+00 0.00000e+00 0.00000e+00 0.00000e+00
  0.00000e+00]
 [0.00000e+00 0.00000e+00 1.34600e+03 0.00000e+00 0.00000e+00 1.00000e+00
  0.00000e+00 4.81080e+04 2.75000e+02 0.00000e+00 0.00000e+00 0.00000e+00
  0.00000e+00 0.00000e+00 3.15000e+02 0.00000e+00 0.00000e+00 0.00000e+00
  0.00000e+00]
 [0.00000e+00 1.68000e+02 8.95700e+03 0.00000e+00 2.90000e+01 5.91000e+02
  0.00000e+00 4.46000e+02 4.08608e+05 2.05000e+03 1.14200e+03 0.00000e+00
  0.00000e+00 1.11100e+03 2.17000e+02 0.00000e+00 0.00000e+00 0.00000e+00
  0.00000e+00]
 [0.00000e+00 0.00000e+00 0.00000e+00 0.00000e+00 0.00000e+00 0.00000e+00
  0.00000e+00 0.00000e+00 0.00000e+00 0.00000e+00 0.00000e+00 0.00000e+00
  0.00000e+00 0.00000e+00 0.00000e+00 0.00000e+00 0.00000e+00 0.00000e+00
  0.00000e+00]
 [0.00000e+00 0.00000e+00 1.01000e+02 0.00000e+00 0.00000e+00 0.00000e+00
  0.00000e+00 0.00000e+00 3.70000e+02 0.00000e+00 4.28010e+04 0.00000e+00
  0.00000e+00 0.00000e+00 0.00000e+00 0.00000e+00 0.00000e+00 0.00000e+00
  0.00000e+00]
 [0.00000e+00 9.40000e+01 1.90200e+03 0.00000e+00 0.00000e+00 3.00000e+00
  0.00000e+00 0.00000e+00 0.00000e+00 0.00000e+00 0.00000e+00 7.33000e+02
  0.00000e+00 3.59000e+02 1.23000e+02 0.00000e+00 0.00000e+00 0.00000e+00
  0.00000e+00]
 [0.00000e+00 0.00000e+00 6.00000e+00 0.00000e+00 0.00000e+00 5.60000e+01
  0.00000e+00 0.00000e+00 7.80000e+01 0.00000e+00 0.00000e+00 0.00000e+00
  0.00000e+00 3.53000e+02 0.00000e+00 0.00000e+00 0.00000e+00 0.00000e+00
  0.00000e+00]
 [4.14000e+02 2.37000e+02 9.14000e+02 0.00000e+00 0.00000e+00 4.25000e+02
  0.00000e+00 0.00000e+00 3.80000e+01 1.00000e+01 0.00000e+00 1.00000e+01
  0.00000e+00 1.98247e+05 5.63400e+03 0.00000e+00 0.00000e+00 0.00000e+00
  0.00000e+00]
 [5.00000e+00 4.00000e+00 1.64000e+02 0.00000e+00 0.00000e+00 0.00000e+00
  0.00000e+00 0.00000e+00 0.00000e+00 0.00000e+00 0.00000e+00 0.00000e+00
  0.00000e+00 0.00000e+00 1.55730e+04 0.00000e+00 0.00000e+00 0.00000e+00
  0.00000e+00]
 [0.00000e+00 0.00000e+00 0.00000e+00 0.00000e+00 0.00000e+00 0.00000e+00
  0.00000e+00 0.00000e+00 0.00000e+00 0.00000e+00 0.00000e+00 0.00000e+00
  0.00000e+00 0.00000e+00 0.00000e+00 0.00000e+00 0.00000e+00 0.00000e+00
  0.00000e+00]
 [0.00000e+00 0.00000e+00 0.00000e+00 0.00000e+00 0.00000e+00 0.00000e+00
  0.00000e+00 0.00000e+00 0.00000e+00 0.00000e+00 0.00000e+00 0.00000e+00
  0.00000e+00 0.00000e+00 0.00000e+00 0.00000e+00 0.00000e+00 0.00000e+00
  0.00000e+00]
 [0.00000e+00 0.00000e+00 0.00000e+00 0.00000e+00 0.00000e+00 0.00000e+00
  0.00000e+00 0.00000e+00 0.00000e+00 0.00000e+00 0.00000e+00 0.00000e+00
  0.00000e+00 0.00000e+00 0.00000e+00 0.00000e+00 0.00000e+00 0.00000e+00
  0.00000e+00]
 [5.90000e+01 7.59000e+02 3.51300e+03 0.00000e+00 0.00000e+00 2.11000e+02
  0.00000e+00 0.00000e+00 5.00000e+00 7.00000e+00 0.00000e+00 0.00000e+00
  0.00000e+00 3.85500e+03 0.00000e+00 0.00000e+00 0.00000e+00 1.50000e+01
  1.53160e+04]]
