meanIOU: 0.7318575434311625
[0.9687204971005234, 0.8961439943423402, 0.9625563667220691, 0.7362683881892264, 0.25894481503941785, 0.17497456765005087, 0.713742437337943, 0.9546379898588151, 0.720923562311774, 0.9316628157594645]
[[5.83843e+05 1.14650e+04 5.90000e+01 0.00000e+00 0.00000e+00 1.88000e+02
  0.00000e+00 0.00000e+00 0.00000e+00 0.00000e+00 0.00000e+00 9.80000e+01
  0.00000e+00 6.60000e+03 0.00000e+00 0.00000e+00 0.00000e+00 0.00000e+00
  0.00000e+00]
 [2.30000e+01 2.07814e+05 3.60000e+01 1.30000e+01 1.90000e+01 2.03900e+03
  0.00000e+00 0.00000e+00 0.00000e+00 0.00000e+00 0.00000e+00 2.78000e+02
  0.00000e+00 4.20000e+01 0.00000e+00 0.00000e+00 0.00000e+00 0.00000e+00
  0.00000e+00]
 [0.00000e+00 5.99000e+03 6.86269e+05 0.00000e+00 0.00000e+00 6.18000e+02
  8.60000e+01 7.01000e+02 2.47800e+03 0.00000e+00 3.22000e+03 9.57000e+02
  0.00000e+00 1.59100e+03 0.00000e+00 0.00000e+00 0.00000e+00 0.00000e+00
  0.00000e+00]
 [0.00000e+00 0.00000e+00 0.00000e+00 0.00000e+00 0.00000e+00 0.00000e+00
  0.00000e+00 0.00000e+00 0.00000e+00 0.00000e+00 0.00000e+00 0.00000e+00
  0.00000e+00 0.00000e+00 0.00000e+00 0.00000e+00 0.00000e+00 0.00000e+00
  0.00000e+00]
 [0.00000e+00 0.00000e+00 0.00000e+00 0.00000e+00 0.00000e+00 0.00000e+00
  0.00000e+00 0.00000e+00 0.00000e+00 0.00000e+00 0.00000e+00 0.00000e+00
  0.00000e+00 0.00000e+00 0.00000e+00 0.00000e+00 0.00000e+00 0.00000e+00
  0.00000e+00]
 [0.00000e+00 3.75100e+03 6.57400e+03 0.00000e+00 9.38000e+02 4.86990e+04
  0.00000e+00 1.21000e+02 1.03100e+03 0.00000e+00 6.16000e+02 7.57000e+02
  0.00000e+00 1.08000e+02 0.00000e+00 0.00000e+00 0.00000e+00 0.00000e+00
  0.00000e+00]
 [0.00000e+00 0.00000e+00 7.02000e+02 0.00000e+00 0.00000e+00 1.00000e+00
  4.27000e+02 1.20000e+01 1.75000e+02 0.00000e+00 0.00000e+00 0.00000e+00
  0.00000e+00 2.34000e+02 0.00000e+00 0.00000e+00 0.00000e+00 0.00000e+00
  0.00000e+00]
 [0.00000e+00 3.00000e+00 4.03000e+02 0.00000e+00 0.00000e+00 1.41000e+02
  4.00000e+00 3.44000e+02 3.60000e+01 0.00000e+00 0.00000e+00 3.00000e+01
  0.00000e+00 1.44000e+02 0.00000e+00 0.00000e+00 0.00000e+00 0.00000e+00
  0.00000e+00]
 [0.00000e+00 0.00000e+00 7.80000e+02 0.00000e+00 0.00000e+00 5.80000e+01
  8.00000e+00 2.70000e+01 1.23870e+04 0.00000e+00 3.68000e+02 0.00000e+00
  0.00000e+00 0.00000e+00 0.00000e+00 0.00000e+00 0.00000e+00 0.00000e+00
  0.00000e+00]
 [0.00000e+00 0.00000e+00 0.00000e+00 0.00000e+00 0.00000e+00 0.00000e+00
  0.00000e+00 0.00000e+00 0.00000e+00 0.00000e+00 0.00000e+00 0.00000e+00
  0.00000e+00 0.00000e+00 0.00000e+00 0.00000e+00 0.00000e+00 0.00000e+00
  0.00000e+00]
 [0.00000e+00 0.00000e+00 5.75000e+02 0.00000e+00 0.00000e+00 2.70000e+01
  0.00000e+00 0.00000e+00 7.00000e+00 0.00000e+00 1.01289e+05 0.00000e+00
  0.00000e+00 0.00000e+00 0.00000e+00 0.00000e+00 0.00000e+00 0.00000e+00
  0.00000e+00]
 [0.00000e+00 3.27000e+02 7.83000e+02 0.00000e+00 0.00000e+00 4.68000e+02
  0.00000e+00 0.00000e+00 0.00000e+00 0.00000e+00 0.00000e+00 1.00540e+04
  0.00000e+00 1.82000e+02 0.00000e+00 0.00000e+00 0.00000e+00 0.00000e+00
  0.00000e+00]
 [7.00000e+00 0.00000e+00 4.20000e+01 0.00000e+00 0.00000e+00 0.00000e+00
  0.00000e+00 0.00000e+00 0.00000e+00 0.00000e+00 0.00000e+00 0.00000e+00
  0.00000e+00 4.18000e+02 0.00000e+00 0.00000e+00 0.00000e+00 0.00000e+00
  0.00000e+00]
 [3.86000e+02 9.80000e+01 1.10100e+03 0.00000e+00 0.00000e+00 8.00000e+00
  0.00000e+00 0.00000e+00 0.00000e+00 0.00000e+00 0.00000e+00 1.20000e+01
  0.00000e+00 1.56047e+05 0.00000e+00 0.00000e+00 0.00000e+00 0.00000e+00
  0.00000e+00]
 [0.00000e+00 0.00000e+00 0.00000e+00 0.00000e+00 0.00000e+00 0.00000e+00
  0.00000e+00 0.00000e+00 0.00000e+00 0.00000e+00 0.00000e+00 0.00000e+00
  0.00000e+00 0.00000e+00 0.00000e+00 0.00000e+00 0.00000e+00 0.00000e+00
  0.00000e+00]
 [0.00000e+00 0.00000e+00 0.00000e+00 0.00000e+00 0.00000e+00 0.00000e+00
  0.00000e+00 0.00000e+00 0.00000e+00 0.00000e+00 0.00000e+00 0.00000e+00
  0.00000e+00 0.00000e+00 0.00000e+00 0.00000e+00 0.00000e+00 0.00000e+00
  0.00000e+00]
 [0.00000e+00 0.00000e+00 0.00000e+00 0.00000e+00 0.00000e+00 0.00000e+00
  0.00000e+00 0.00000e+00 0.00000e+00 0.00000e+00 0.00000e+00 0.00000e+00
  0.00000e+00 0.00000e+00 0.00000e+00 0.00000e+00 0.00000e+00 0.00000e+00
  0.00000e+00]
 [2.60000e+01 0.00000e+00 0.00000e+00 0.00000e+00 0.00000e+00 0.00000e+00
  0.00000e+00 0.00000e+00 0.00000e+00 0.00000e+00 0.00000e+00 0.00000e+00
  0.00000e+00 5.22000e+02 0.00000e+00 0.00000e+00 0.00000e+00 0.00000e+00
  0.00000e+00]
 [0.00000e+00 0.00000e+00 0.00000e+00 0.00000e+00 0.00000e+00 0.00000e+00
  0.00000e+00 0.00000e+00 0.00000e+00 0.00000e+00 0.00000e+00 0.00000e+00
  0.00000e+00 0.00000e+00 0.00000e+00 0.00000e+00 0.00000e+00 0.00000e+00
  0.00000e+00]]
